CNPJ_FUNDO,DT_COMPTC,VL_TOTAL,VL_QUOTA,VL_PATRIM_LIQ,CAPTC_DIA,RESG_DIA,NR_COTST
00.017.024/0001-53,2018-12-03,1133457.86,26.6096075,1130982.13,0.0,0.0,1
00.017.024/0001-53,2018-12-04,1133737.64,26.6118134,1131075.89,0.0,0.0,1
00.017.024/0001-53,2018-12-05,1134016.72,26.614038,1131170.44,0.0,0.0,1
00.017.024/0001-53,2018-12-06,1134295.89,26.6162475,1131264.35,0.0,0.0,1
00.017.024/0001-53,2018-12-07,1134262.9,26.6184582,1131358.31,0.0,0.0,1
00.017.024/0001-53,2018-12-10,1132390.98,26.6205844,1129297.22,0.0,2151.46,1
00.017.024/0001-53,2018-12-11,1132669.74,26.622754,1129389.26,0.0,0.0,1
00.017.024/0001-53,2018-12-12,1132948.57,26.6249175,1129481.04,0.0,0.0,1
00.017.024/0001-53,2018-12-13,1133227.46,26.6270827,1129572.89,0.0,0.0,1
00.017.024/0001-53,2018-12-14,1133506.44,26.6292502,1129664.84,0.0,0.0,1
00.017.024/0001-53,2018-12-17,1133719.79,26.6314189,1129756.85,0.0,0.0,1
00.017.024/0001-53,2018-12-18,1133998.89,26.6335822,1129848.61,0.0,0.0,1
00.017.024/0001-53,2018-12-19,1134278.03,26.6357442,1129940.33,0.0,0.0,1
00.017.024/0001-53,2018-12-20,1132580.65,26.6379085,1130032.14,0.0,0.0,1
00.017.024/0001-53,2018-12-21,1132859.45,26.6400814,1130124.31,0.0,0.0,1
